=== Classification Accuracy Results ===

                Analysis
k-NN        10  0.953889
            15  0.966667
            20  0.965000
            25  0.965556
            40  0.966667
            60  0.966667
Centroid    10  0.875000
            15  0.878333
            20  0.879444
            25  0.879444
            40  0.879444
            60  0.879444
GMM         10  0.951111
            15  0.979444
            20  0.972778
            25  0.971667
            40  0.931667
            60  0.632778
Mahalanobis 10  0.951667
            15  0.981111
            20  0.972778
            25  0.970556
            40  0.928333
            60  0.631667
LDA         10  0.910000
            15  0.956667
            20  0.961111
            25  0.959444
            40  0.963333
            60  0.969444
SVM         10  0.947778
            15  0.978333
            20  0.973889
            25  0.975556
            40  0.975000
            60  0.973333